           1           4
    0.66667E+00   -0.16667E+00   -0.33333E+00   -0.16667E+00    0.10068E-02
   -0.16667E+00    0.66667E+00   -0.16667E+00   -0.33333E+00    0.19514E-02
   -0.33333E+00   -0.16667E+00    0.66667E+00   -0.16667E+00    0.37823E-02
   -0.16667E+00   -0.33333E+00   -0.16667E+00    0.66667E+00    0.19514E-02
           2           4
    0.66667E+00   -0.16667E+00   -0.33333E+00   -0.16667E+00    0.33753E-02
   -0.16667E+00    0.66667E+00   -0.16667E+00   -0.33333E+00    0.37666E-02
   -0.33333E+00   -0.16667E+00    0.66667E+00   -0.16667E+00    0.73004E-02
   -0.16667E+00   -0.33333E+00   -0.16667E+00    0.66667E+00    0.65421E-02
           1           4
    0.66667E+00   -0.16667E+00   -0.33333E+00   -0.16667E+00    0.65908E-04
   -0.16667E+00    0.66667E+00   -0.16667E+00   -0.33333E+00    0.13080E-03
   -0.33333E+00   -0.16667E+00    0.66667E+00   -0.16667E+00    0.25958E-03
   -0.16667E+00   -0.33333E+00   -0.16667E+00    0.66667E+00    0.13080E-03
           2           4
    0.66667E+00   -0.16667E+00   -0.33333E+00   -0.16667E+00    0.25258E-03
   -0.16667E+00    0.66667E+00   -0.16667E+00   -0.33333E+00    0.30759E-03
   -0.33333E+00   -0.16667E+00    0.66667E+00   -0.16667E+00    0.61044E-03
   -0.16667E+00   -0.33333E+00   -0.16667E+00    0.66667E+00    0.50127E-03
           1           4
    0.66667E+00   -0.16667E+00   -0.33333E+00   -0.16667E+00    0.41672E-05
   -0.16667E+00    0.66667E+00   -0.16667E+00   -0.33333E+00    0.83183E-05
   -0.33333E+00   -0.16667E+00    0.66667E+00   -0.16667E+00    0.16605E-04
   -0.16667E+00   -0.33333E+00   -0.16667E+00    0.66667E+00    0.83183E-05
           2           4
    0.66667E+00   -0.16667E+00   -0.33333E+00   -0.16667E+00    0.16493E-04
   -0.16667E+00    0.66667E+00   -0.16667E+00   -0.33333E+00    0.20484E-04
   -0.33333E+00   -0.16667E+00    0.66667E+00   -0.16667E+00    0.40889E-04
   -0.16667E+00   -0.33333E+00   -0.16667E+00    0.66667E+00    0.32921E-04
           1           4
    0.66667E+00   -0.16667E+00   -0.33333E+00   -0.16667E+00    0.26120E-06
   -0.16667E+00    0.66667E+00   -0.16667E+00   -0.33333E+00    0.52215E-06
   -0.33333E+00   -0.16667E+00    0.66667E+00   -0.16667E+00    0.10438E-05
   -0.16667E+00   -0.33333E+00   -0.16667E+00    0.66667E+00    0.52215E-06
           2           4
    0.66667E+00   -0.16667E+00   -0.33333E+00   -0.16667E+00    0.10420E-05
   -0.16667E+00    0.66667E+00   -0.16667E+00   -0.33333E+00    0.13005E-05
   -0.33333E+00   -0.16667E+00    0.66667E+00   -0.16667E+00    0.25997E-05
   -0.16667E+00   -0.33333E+00   -0.16667E+00    0.66667E+00    0.20831E-05
           1           4
    0.66667E+00   -0.16667E+00   -0.33333E+00   -0.16667E+00    0.16337E-07
   -0.16667E+00    0.66667E+00   -0.16667E+00   -0.33333E+00    0.32670E-07
   -0.33333E+00   -0.16667E+00    0.66667E+00   -0.16667E+00    0.65332E-07
   -0.16667E+00   -0.33333E+00   -0.16667E+00    0.66667E+00    0.32670E-07
           2           4
    0.66667E+00   -0.16667E+00   -0.33333E+00   -0.16667E+00    0.65305E-07
   -0.16667E+00    0.66667E+00   -0.16667E+00   -0.33333E+00    0.81598E-07
   -0.33333E+00   -0.16667E+00    0.66667E+00   -0.16667E+00    0.16318E-06
   -0.16667E+00   -0.33333E+00   -0.16667E+00    0.66667E+00    0.13059E-06
